基数也就是一个数字系统的基，如十进制的基数就是10，二进制的基数就是2
基数排序也就是把关键字拆分成数字位，然后按数字位来给关键字排序
在这里，就以十进制作为例子
最高位优先(Most Significant Digit first)法，简称MSD法：先按k1排序分组，同一组中记录，关键码k1相等，再对各组按k2排序分成
子组，之后，对后面的关键码继续这样的排序分组，直到按最次位关键码kd对各子组排序后。再将各组连接起来，便得到一个有序序列。
最低位优先(Least Significant Digit first)法，简称LSD法：先从kd开始排序，再对kd-1进行排序，依次重复，直到对k1排序后便得到一个有序序列。
以LSD为例，假设原来有一串数值如下所示：
73, 22, 93, 43, 55, 14, 28, 65, 39, 81
首先根据个位数的数值，在走访数值时将它们分配至编号0到9的桶子中：
0
1 81
2 22
3 73 93 43
4 14
5 55 65
6
7
8 28
9 39
第二步
接下来将这些桶子中的数值重新串接起来，成为以下的数列：
81, 22, 73, 93, 43, 14, 55, 65, 28, 39
接着再进行一次分配，这次是根据十位数来分配：
0
1 14
2 22 28
3 39
4 43
5 55
6 65
7 73
8 81
9 93
第三步
接下来将这些桶子中的数值重新串接起来，成为以下的数列：
14, 22, 28, 39, 43, 55, 65, 73, 81, 93
这时候整个数列已经排序完毕；如果排序的对象有三位数以上，则持续进行以上的动作直至最高位数为止。
